6
9 2
X 1 2 X 4 3 X 9 1
X X 3 8 5 1 7 2 4
4 X 7 9 6 2 5 3 8
3 2 6 1 2 X 8 5 X
5 3 X 3 8 7 1 X 2
X 4 X X 4 8 6 9 5
2 8 9 5 X 8 4 1 X
7 5 1 X 3 X 9 8 5
6 6 X X 1 9 2 X 3
9 3
9 6 5 8 2 7 1 3 4
3 9 5 X 2 1 8 X 4
8 X 3 5 X 6 1 9 X
X 5 X X 4 6 1 2 X
7 4 2 X 9 3 6 8 5
6 1 8 2 X 5 3 9 4
X 6 4 3 5 X 2 7 1
8 2 3 9 X 7 4 X 6
5 X 1 X X X X 3 9
9 3
X 6 1 8 3 7 9 X X
1 9 X 5 4 6 3 8 9
X 8 3 X X 6 7 1 X
7 X 7 4 X 3 5 X 1
X 3 5 X 1 8 X 6 X
2 1 4 X 9 5 3 8 7
4 5 2 X 4 9 X 7 6
X 4 X X 7 X 1 X 9
7 X 6 5 8 1 X 2 3
16 3
11 16 9 3 10 2 5 5 13 4 8 1 1 12 7 6
8 5 7 15 9 3 X 13 6 16 14 12 15 11 2 4
4 12 14 13 X 8 8 6 15 10 X 9 10 16 3 1
6 2 X 10 4 16 13 12 11 5 3 X 5 8 9 14
13 9 15 2 16 1 14 X 12 X 7 14 X 5 10 8
5 11 8 12 13 6 1 15 16 3 10 4 6 1 X 7
16 1 4 6 X 10 X 7 8 X 5 13 X 15 11 2
3 7 10 14 5 9 15 8 2 1 X 6 3 13 16 12
15 13 6 8 7 11 4 X 1 X 16 2 X 3 5 9
11 12 15 2 14 X X 6 5 12 10 1 16 7 3 2
X 14 16 4 8 5 12 1 X 15 12 3 8 7 13 11
12 10 5 X 2 13 11 16 7 8 9 11 2 6 4 X
10 X 11 7 3 4 10 9 14 6 X 15 14 2 12 13
14 15 13 9 1 X 9 10 X 2 11 8 16 4 6 5
X 4 12 16 6 X 6 2 5 7 13 10 7 9 15 3
2 6 3 5 X 7 3 11 9 12 4 16 11 14 8 10
16 4
1 8 X X 8 15 16 12 14 16 13 5 X X 11 4
X 4 X 4 1 6 10 5 9 4 12 7 3 16 14 8
4 3 5 8 X 9 15 5 1 6 7 16 X 13 11 3
16 X 8 5 9 7 14 X 15 1 X 4 13 6 12 10
X 5 3 16 10 13 15 X 5 15 2 11 6 14 X 9
7 X X 13 11 2 X 8 1 12 X X 5 10 4 12
8 12 14 2 5 1 9 14 3 10 4 12 15 11 13 16
11 16 11 14 16 4 12 7 10 6 X 6 2 1 8 3
3 6 1 8 2 12 7 10 6 11 X 15 16 13 9 5
14 X 15 9 X 5 13 11 2 2 7 1 4 8 3 6
5 X X 15 X 9 8 1 13 3 10 3 X 12 2 14
13 13 9 11 3 14 4 16 12 8 9 X 1 7 10 X
10 11 4 6 7 X X 9 8 X 3 13 14 4 15 X
9 9 10 7 12 8 11 13 X 7 6 16 10 3 1 2
4 X 7 3 14 10 X 15 11 13 5 2 8 X 6 7
15 16 2 1 4 3 2 X 7 14 14 9 X 5 X 13
16 4
9 16 4 X X 7 8 6 X 2 11 X 5 4 X 3
4 13 11 11 16 15 14 3 9 12 X 5 7 10 1 2
7 X 8 6 13 10 4 X 12 X 2 X X 8 14 11
10 15 13 X 5 X 1 11 3 8 X 9 9 6 X 12
3 X 15 15 7 8 16 14 6 9 10 3 4 11 2 9
11 4 2 10 1 X 9 12 8 6 14 X 13 16 5 15
14 X 12 13 10 X X X 1 8 16 11 X X 8 7
8 7 3 16 6 5 2 13 4 X 15 14 1 X 10 14
X X 14 11 16 X 14 1 3 3 13 1 4 10 12 9
13 1 1 14 X 6 12 5 7 16 3 8 8 2 16 X
15 8 6 5 9 X X 16 2 10 X 2 10 13 3 1
X 9 5 3 2 13 10 7 X 14 5 12 15 14 11 6
1 X 9 9 3 X X 10 15 5 6 X 2 5 4 16
16 6 6 7 4 9 X 1 11 1 X 13 14 15 X 10
X 10 10 4 11 14 7 15 5 X 9 6 X X 6 8
5 3 X 12 8 16 6 X 14 13 1 15 X 7 9 13