1
70
175 946 228 460 874 79 707 22 420 319 839 596 508 786 828 835 393 341 187 856 947 937 569 269 131 623 363 702 730 114 356 503 612 35 923 831 656 677 59 678 345 15 337 644 698 948 993 552 983 90 783 824 710 973 840 51 202 161 702 595 256 704 870 417 365 351 837 364 320
924 13 318 238 364 858 977 484 13 48 203 99 60 988 61 216 318 30 686 896 697 308 432 302 910 293 869 896 483 576 260 587 649 31 356 17 540 797 701 617 24 790 319 134 988 332 5 464 183 235 233 309 906 785 321 720 852 135 273 932 540 269 296 152 591 579 52 290
916 163 515 908 584 64 567 586 627 644 134 796 345 87 680 304 564 67 835 485 700 425 324 726 887 367 375 79 755 602 40 731 508 292 802 306 323 608 498 791 94 78 762 885 91 433 681 122 640 520 23 249 161 22 978 104 815 990 396 123 787 144 469 656 445 205 707
55 105 455 668 106 941 184 507 331 136 433 581 266 421 462 554 604 917 384 651 275 798 32 601 658 623 246 665 429 364 688 767 975 876 948 67 181 783 495 878 902 120 267 56 105 635 953 589 83 345 500 691 538 786 348 787 996 327 667 784 901 345 775 7 429 799
219 240 758 994 972 583 302 50 546 987 823 161 309 31 875 814 165 102 368 203 53 197 869 538 245 739 718 110 378 665 148 727 416 540 991 420 390 382 442 878 476 108 427 863 960 111 515 870 124 796 267 3 874 907 29 855 286 953 303 124 417 595 568 754 482
938 371 208 225 282 858 986 377 76 336 480 562 497 793 561 221 644 799 665 977 804 241 892 637 786 731 429 95 457 988 370 415 566 725 404 149 125 248 509 353 949 706 854 24 959 40 425 98 690 528 133 229 512 454 581 319 787 799 473 406 604 931 803 518
113 481 231 465 65 791 737 757 549 791 29 309 859 416 754 901 599 427 955 559 370 137 62 232 417 304 171 475 842 724 551 929 844 840 420 424 109 593 387 253 224 425 550 926 142 300 150 164 152 594 306 498 276 390 513 167 216 818 625 902 560 768 57
657 115 487 34 967 828 782 463 248 166 631 161 37 283 615 454 920 336 697 264 545 3 390 211 717 771 432 674 1 486 25 860 443 661 152 350 695 172 662 513 527 216 407 622 634 623 895 761 1 284 263 150 127 912 76 251 637 283 913 242 405 22
76 34 721 403 667 208 364 659 668 442 8 504 927 143 96 315 140 978 338 799 892 822 37 954 444 707 935 209 35 598 347 189 683 508 966 716 628 101 933 280 627 592 418 469 691 125 818 233 220 722 68 575 590 139 874 68 650 740 940 623 839
611 63 30 361 828 939 483 821 880 579 104 73 359 526 596 892 530 660 753 654 494 747 514 444 19 830 270 683 644 236 260 635 710 575 15 902 366 665 392 476 875 22 389 608 231 663 269 336 383 998 747 308 208 633 426 894 687 285 341 796
954 296 829 807 38 931 981 820 423 652 587 585 483 300 75 629 716 89 576 520 903 485 87 410 313 178 921 187 534 835 993 358 372 134 425 389 707 670 464 234 183 769 228 888 901 352 553 543 934 828 86 650 220 170 265 239 107 294 83
155 357 9 327 991 690 914 343 743 213 57 221 959 896 495 172 746 757 843 629 36 114 602 542 34 201 521 397 267 279 650 147 322 507 449 389 970 882 340 915 119 588 989 547 333 276 276 813 217 956 346 372 658 807 605 935 478 297
796 679 643 630 654 978 755 804 511 508 726 949 216 866 437 371 517 50 944 290 884 586 845 311 10 617 326 970 834 886 410 612 261 313 847 818 554 107 910 564 353 680 666 366 284 108 994 767 829 604 291 296 495 475 276 779 519
205 146 143 874 126 8 22 361 953 801 358 828 351 364 487 884 773 853 46 436 172 151 387 421 141 758 771 296 975 405 229 283 137 92 414 277 422 188 648 503 825 174 660 183 898 198 817 975 477 104 902 338 25 565 885 368
186 812 137 152 72 721 495 244 528 606 130 543 432 431 608 787 858 247 32 564 403 462 865 451 27 381 402 382 179 858 798 585 5 339 325 781 827 211 982 907 6 606 876 237 22 624 523 951 339 765 498 215 408 765 91
563 77 398 690 181 63 97 538 380 232 726 71 164 217 53 238 523 834 644 549 155 788 141 912 489 882 332 200 904 754 350 709 641 415 617 474 465 794 600 104 495 374 72 357 314 356 129 970 918 664 629 156 751 774
261 961 56 729 766 627 855 807 106 877 224 621 629 539 282 962 336 709 6 689 589 520 964 855 907 314 770 57 561 421 39 550 526 817 700 397 615 997 780 390 565 7 250 894 707 305 748 657 157 265 420 944 106
261 328 200 148 478 180 375 808 400 995 378 752 825 667 170 277 359 248 82 50 401 979 860 688 578 183 572 709 267 104 893 730 322 813 658 336 844 59 503 582 289 162 838 705 520 110 659 873 602 202 594 49
295 900 581 249 179 874 270 510 478 592 739 284 666 32 705 586 713 316 693 42 748 604 136 513 107 124 581 683 264 341 864 512 231 610 994 733 415 399 736 678 354 171 115 157 276 250 403 950 902 103 449
885 203 502 908 514 73 471 544 67 418 335 772 349 980 198 259 551 992 501 283 786 538 21 263 851 528 301 233 719 527 395 480 152 190 413 752 120 957 864 92 404 807 338 854 63 650 735 38 729 814
918 961 563 695 206 528 298 459 619 12 173 862 395 826 79 69 294 94 922 554 832 917 339 599 737 578 366 407 538 633 166 862 80 738 20 296 905 755 341 450 44 340 181 267 722 989 939 456 885
12 639 458 82 788 562 273 814 632 382 56 639 242 61 970 987 385 924 569 196 807 241 742 948 934 38 531 562 741 644 118 816 503 493 441 239 61 339 360 603 978 798 698 870 388 976 297 678
683 185 619 629 936 695 898 779 628 41 430 524 232 569 795 783 495 862 880 475 644 414 29 629 70 229 68 222 944 516 887 757 216 146 707 580 90 165 144 906 459 357 325 862 591 865 693
757 179 774 281 55 461 549 338 222 569 827 386 906 727 556 52 313 676 186 224 55 77 997 654 759 184 116 534 629 883 18 536 595 111 648 30 110 33 81 903 115 576 309 945 817 181
852 674 49 167 386 198 497 139 218 473 212 771 672 553 487 309 253 796 972 437 248 551 718 585 450 766 796 245 128 134 868 510 13 511 306 367 928 217 169 126 851 482 171 459 152
197 219 810 766 383 174 686 454 444 563 624 221 652 653 800 605 778 576 806 132 947 41 110 317 779 869 644 271 851 106 945 387 434 400 822 136 643 153 724 431 326 769 940 132
378 635 811 368 710 691 853 821 401 201 928 707 121 512 29 831 362 909 918 846 340 826 698 434 353 220 503 667 529 204 8 437 605 596 345 650 86 405 296 965 732 677 59
406 54 660 275 903 139 884 14 879 832 25 830 253 843 854 400 767 582 288 655 189 454 353 751 698 853 949 881 880 162 225 664 246 926 565 560 95 999 215 894 935 994
138 211 719 543 256 562 280 383 532 46 374 618 841 531 882 33 129 791 590 148 813 836 529 880 109 715 376 747 996 493 449 400 890 83 523 962 605 341 547 829 663
696 578 646 201 726 601 42 795 882 73 618 477 639 93 337 184 758 104 793 382 53 840 957 442 951 223 113 938 81 679 449 343 308 856 969 200 874 653 618 793
654 344 561 764 62 418 902 412 746 42 723 469 392 59 83 51 652 225 74 313 986 181 998 786 335 435 865 339 362 262 708 799 927 151 774 900 402 141 271
532 420 952 413 286 344 684 748 215 1000 372 646 902 765 804 491 921 608 614 951 86 142 321 196 561 61 876 130 454 156 401 22 432 682 684 623 749 389
629 876 99 29 258 751 155 960 764 59 687 592 297 502 337 751 577 906 109 422 757 622 734 404 911 211 103 847 897 161 523 507 130 56 820 568 532
415 213 877 847 996 556 814 822 338 966 126 304 867 243 449 531 87 410 283 727 582 479 834 459 522 338 485 908 248 591 480 352 332 819 891 697
103 648 335 111 318 873 456 10 236 769 193 613 719 581 916 499 62 872 896 262 887 848 689 115 52 145 531 482 790 831 308 757 116 785 649
131 111 188 144 889 935 2 54 564 980 95 210 190 123 736 599 678 76 964 343 596 337 767 650 456 2 716 471 350 711 352 656 782 472
467 649 888 322 153 192 235 702 608 823 117 372 35 989 601 894 773 614 426 947 874 280 433 520 782 550 948 501 502 212 848 753 257
423 246 333 149 602 573 920 406 776 669 728 588 626 857 35 371 818 832 635 98 762 543 927 833 193 990 569 103 564 818 595 881
498 881 815 263 696 405 673 399 556 852 90 489 348 809 462 423 586 709 709 960 684 764 587 838 739 801 149 513 127 624 55
540 251 765 205 833 932 232 553 556 248 931 781 550 164 273 306 275 539 721 944 219 899 641 719 422 146 191 839 546 291
689 205 766 343 362 948 310 53 47 463 590 413 762 216 899 853 515 913 231 580 896 923 445 440 319 753 585 535 351
591 227 189 180 469 756 95 375 179 737 836 174 616 233 581 244 382 299 191 755 778 288 630 973 961 139 344 67
980 735 196 972 252 244 430 77 952 735 504 621 442 857 84 227 544 306 992 985 685 983 714 72 626 283 823
718 197 251 200 96 138 201 710 994 62 831 884 260 654 797 445 97 535 117 95 436 435 502 209 286 497
316 483 845 581 382 631 568 916 463 412 917 616 560 838 868 849 901 770 748 615 480 673 850 814 891
188 550 247 705 267 412 136 323 812 310 340 709 803 446 630 978 58 664 496 630 595 395 796 465
454 943 530 930 193 538 956 477 622 380 388 261 881 474 169 801 557 29 559 684 571 241 785
926 773 37 825 222 986 399 953 972 591 727 101 659 836 515 160 594 500 65 82 757 203
47 957 524 519 68 779 619 896 623 36 800 12 77 937 130 584 769 86 79 519 583
729 737 744 261 514 782 880 816 596 594 836 914 166 41 105 208 240 474 183 184
697 648 535 653 523 342 102 250 84 85 844 584 428 641 643 297 403 14 712
774 396 326 306 584 903 447 183 911 538 471 537 905 955 474 32 165 597
479 854 97 15 411 845 339 798 70 993 2 192 623 309 786 951 300
160 889 685 148 826 595 525 3 718 314 575 498 506 103 77 189
483 176 320 371 610 286 363 401 706 937 105 664 457 24 626
938 776 980 761 209 164 577 498 241 37 159 573 575 524
182 887 349 584 683 856 525 644 901 649 927 991 933
181 135 360 844 652 52 881 809 539 693 379 56
551 983 654 924 517 111 798 346 355 619 704
704 642 819 79 347 213 143 387 936 251
322 621 792 445 437 732 791 545 688
516 556 85 543 984 78 951 89
585 685 131 912 949 315 968
88 821 328 732 709 12
133 467 902 693 828
295 161 141 772
890 965 930
513 801
43
